0,15.6,91.0
1,15.6,91.0
2,16.8,92.0
3,16.8,92.0
4,16.9,92.0
5,16.9,92.0
6,16.9,92.0
7,16.9,92.0
8,17.0,92.0
9,17.0,92.0
10,17.0,92.0
11,17.0,92.0
12,17.1,92.0
13,17.1,92.0
14,17.1,92.0
15,17.1,92.0
16,17.1,92.0
17,17.1,92.0
18,17.1,92.0
19,17.1,92.0
20,17.1,92.0
21,17.1,92.0
22,17.1,92.0
23,17.1,92.0
24,17.2,92.0
25,17.2,92.0
26,17.2,92.0
27,17.2,92.0
28,17.2,92.0
29,17.2,92.0
30,17.2,92.0
31,17.2,92.0
32,17.2,92.0
33,17.2,92.0
34,17.3,92.0
35,17.3,92.0
36,17.3,92.0
37,17.3,92.0
38,17.3,92.0
39,17.3,92.0
40,17.3,92.0
41,17.3,92.0
42,17.3,92.0
43,17.3,92.0
44,17.3,92.0
45,17.3,92.0
46,17.4,92.0
47,17.4,92.0
48,17.4,92.0
49,17.4,92.0
50,17.4,92.0
51,17.4,92.0
52,17.4,92.0
53,17.4,92.0
54,17.4,92.0
55,17.4,92.0
56,17.5,92.0
57,17.5,92.0
58,17.5,92.0
59,17.5,92.0
60,17.5,92.0
61,17.5,92.0
62,17.5,92.0
63,17.5,92.0
64,17.5,92.0
65,17.5,92.0
66,17.5,92.0
67,17.5,92.0
68,17.5,92.0
69,17.5,92.0
70,17.6,92.0
71,17.6,92.0
72,17.5,92.0
73,17.5,92.0
74,17.6,92.0
75,17.6,92.0
76,17.5,92.0
77,17.5,92.0
78,17.6,92.0
79,17.6,92.0
80,17.6,92.0
81,17.6,92.0
82,17.6,92.0
83,17.6,92.0
84,17.6,92.0
85,17.6,92.0
86,17.7,92.0
87,17.7,92.0
88,17.6,92.0
89,17.6,92.0
90,17.6,92.0
91,17.6,92.0
92,17.7,92.0
93,17.7,92.0
94,17.7,92.0
95,17.7,92.0
96,17.7,92.0
97,17.7,92.0
98,17.7,92.0
99,17.7,92.0
100,17.7,92.0
101,17.7,92.0
102,17.7,92.0
103,17.7,92.0
104,17.8,92.0
105,17.8,92.0
106,17.8,92.0
107,17.8,92.0
108,17.8,92.0
109,17.8,92.0
110,17.8,92.0
111,17.8,92.0
112,17.8,92.0
113,17.8,92.0
114,17.8,92.0
115,17.8,92.0
116,17.8,92.0
117,17.8,92.0
118,17.8,92.0
119,17.8,92.0
120,17.8,92.0
121,17.8,92.0
122,17.8,92.0
123,17.8,92.0
124,17.9,92.0
125,17.9,92.0
126,17.9,92.0
127,17.9,92.0
128,17.9,92.0
129,17.9,92.0
130,17.9,92.0
131,17.9,92.0
132,17.9,92.0
133,17.9,92.0
134,17.9,92.0
135,17.9,92.0
136,17.9,92.0
137,17.9,92.0
138,17.9,92.0
139,17.9,92.0
140,17.9,92.0
141,17.9,92.0
142,17.9,92.0
143,17.9,92.0
144,18.0,93.0
145,18.0,93.0
146,17.9,92.0
147,17.9,92.0
148,17.9,92.0
149,17.9,92.0
150,18.0,93.0
151,18.0,93.0
152,18.0,93.0
153,18.0,93.0
154,18.0,93.0
155,18.0,93.0
156,18.0,93.0
157,18.0,93.0
158,18.0,93.0
159,18.0,93.0
160,18.1,93.0
161,18.1,93.0
162,18.1,93.0
163,18.1,93.0
164,18.1,93.0
165,18.1,93.0
166,18.0,93.0
167,18.0,93.0
168,18.0,93.0
169,18.0,93.0
170,18.1,93.0
171,18.1,93.0
172,18.1,93.0
173,18.1,93.0
174,18.1,93.0
175,18.1,93.0
176,18.1,93.0
177,18.1,93.0
178,18.1,93.0
179,18.1,93.0
180,18.1,93.0
181,18.1,93.0
182,18.1,93.0
183,18.1,93.0
184,18.1,93.0
185,18.1,93.0
186,18.1,93.0
187,18.1,93.0
188,18.1,93.0
189,18.1,93.0
190,18.2,93.0
191,18.2,93.0
192,18.2,93.0
193,18.2,93.0
194,18.2,93.0
195,18.2,93.0
196,18.2,93.0
197,18.2,93.0
198,18.2,93.0
199,18.2,93.0
200,18.2,93.0
201,18.2,93.0
202,18.2,93.0
203,18.2,93.0
204,18.2,93.0
205,18.2,93.0
206,18.2,93.0
207,18.2,93.0
208,18.2,93.0
209,18.2,93.0
210,18.2,93.0
211,18.2,93.0
212,18.3,93.0
213,18.3,93.0
214,18.3,93.0
215,18.3,93.0
216,18.3,93.0
217,18.3,93.0
218,18.2,93.0
219,18.2,93.0
220,18.3,93.0
221,18.3,93.0
222,18.3,93.0
223,18.3,93.0
224,18.3,93.0
225,18.3,93.0
226,18.3,93.0
227,18.3,93.0
228,18.3,93.0
229,18.3,93.0
230,18.3,93.0
231,18.3,93.0
232,18.3,93.0
233,18.3,93.0
234,18.3,93.0
235,18.3,93.0
236,18.3,93.0
237,18.3,93.0
238,18.3,93.0
239,18.3,93.0
240,18.3,93.0
241,18.3,93.0
242,18.3,93.0
243,18.3,93.0
244,18.3,93.0
245,18.3,93.0
246,18.4,93.0
247,18.4,93.0
248,18.3,93.0
249,18.3,93.0
250,18.4,93.0
251,18.4,93.0
252,18.4,93.0
253,18.4,93.0
254,18.3,93.0
255,18.3,93.0
256,18.4,93.0
257,18.4,93.0
258,18.4,93.0
259,18.4,93.0
260,18.4,93.0
261,18.4,93.0
262,18.4,93.0
263,18.4,93.0
264,18.4,93.0
265,18.4,93.0
266,18.4,93.0
267,18.4,93.0
268,18.4,93.0
269,18.4,93.0
270,18.5,93.0
271,18.5,93.0
272,18.4,93.0
273,18.4,93.0
274,18.5,93.0
275,18.5,93.0
276,18.5,93.0
277,18.5,93.0
278,18.5,93.0
279,18.5,93.0
280,18.5,93.0
281,18.5,93.0
282,18.5,93.0
283,18.5,93.0
284,18.5,93.0
285,18.5,93.0
286,18.5,93.0
287,18.5,93.0
288,18.5,93.0
289,18.5,93.0
290,18.5,93.0
291,18.5,93.0
292,18.5,93.0
293,18.5,93.0
294,18.5,93.0
295,18.5,93.0
296,18.5,93.0
297,18.5,93.0
298,18.5,93.0
299,18.5,93.0
300,18.6,93.0
301,18.6,93.0
302,18.6,93.0
303,18.6,93.0
304,18.6,93.0
305,18.6,93.0
306,18.6,93.0
307,18.6,93.0
308,18.6,93.0
309,18.6,93.0
310,18.6,93.0
311,18.6,93.0
312,18.6,93.0
313,18.6,93.0
314,18.6,93.0
315,18.6,93.0
316,18.6,93.0
317,18.6,93.0
318,18.6,93.0
319,18.6,93.0
320,18.6,93.0
321,18.6,93.0
322,18.6,93.0
323,18.6,93.0
324,18.6,93.0
325,18.6,93.0
326,18.6,93.0
327,18.6,93.0
328,18.6,93.0
329,18.6,93.0
330,18.6,93.0
331,18.6,93.0
332,18.6,93.0
333,18.6,93.0
334,18.6,93.0
335,18.6,93.0
336,18.6,93.0
337,18.6,93.0
338,18.7,93.0
339,18.7,93.0
340,18.6,93.0
341,18.6,93.0
342,18.7,93.0
343,18.7,93.0
344,18.7,93.0
345,18.7,93.0
346,18.7,93.0
347,18.7,93.0
348,18.7,93.0
349,18.7,93.0
350,18.7,93.0
351,18.7,93.0
352,18.7,93.0
353,18.7,93.0
354,18.7,93.0
355,18.7,93.0
356,18.7,93.0
357,18.7,93.0
358,18.7,93.0
359,18.7,93.0
360,18.7,93.0
361,18.7,93.0
362,18.7,93.0
363,18.7,93.0
364,18.7,93.0
365,18.7,93.0
366,18.7,93.0
367,18.7,93.0
368,18.8,93.0
369,18.8,93.0
370,18.8,93.0
371,18.8,93.0
372,18.8,93.0
373,18.8,93.0
374,18.8,93.0
375,18.8,93.0
376,18.8,93.0
377,18.8,93.0
378,18.8,93.0
379,18.8,93.0
380,18.8,93.0
381,18.8,93.0
382,18.8,93.0
383,18.8,93.0
384,18.8,93.0
385,18.8,93.0
386,18.8,93.0
387,18.8,93.0
388,18.8,93.0
389,18.8,93.0
390,18.8,93.0
391,18.8,93.0
392,18.8,93.0
393,18.8,93.0
394,18.8,93.0
395,18.8,93.0
396,18.8,93.0
397,18.8,93.0
398,18.8,93.0
399,18.8,93.0
400,18.8,93.0
401,18.8,93.0
402,18.8,93.0
403,18.8,93.0
404,18.8,93.0
405,18.8,93.0
406,18.8,93.0
407,18.8,93.0
408,18.8,93.0
409,18.8,93.0
410,18.8,93.0
411,18.8,93.0
412,18.9,93.0
413,18.9,93.0
